name: star
channels:
  - conda-forge
  - bioconda
dependencies:
  - _libgcc_mutex=0.1=conda_forge
  - _openmp_mutex=4.5=2_gnu
  - biopython=1.83=py38h01eb140_0
  - bzip2=1.0.8=hd590300_5
  - c-ares=1.28.1=hd590300_0
  - ca-certificates=2024.2.2=hbcca054_0
  - keyutils=1.6.1=h166bdaf_0
  - krb5=1.21.2=h659d440_0
  - ld_impl_linux-64=2.40=h41732ed_0
  - libblas=3.9.0=22_linux64_openblas
  - libcblas=3.9.0=22_linux64_openblas
  - libcurl=8.7.1=hca28451_0
  - libdeflate=1.18=h0b41bf4_0
  - libedit=3.1.20191231=he28a2e2_2
  - libev=4.33=hd590300_2
  - libexpat=2.6.2=h59595ed_0
  - libffi=3.4.2=h7f98852_5
  - libgcc-ng=13.2.0=h807b86a_5
  - libgfortran-ng=13.2.0=h69a702a_5
  - libgfortran5=13.2.0=ha4646dd_5
  - libgomp=13.2.0=h807b86a_5
  - liblapack=3.9.0=22_linux64_openblas
  - libnghttp2=1.58.0=h47da74e_1
  - libnsl=2.0.1=hd590300_0
  - libopenblas=0.3.27=pthreads_h413a1c8_0
  - libsqlite=3.45.3=h2797004_0
  - libssh2=1.11.0=h0841786_0
  - libstdcxx-ng=13.2.0=h7e041cc_5
  - libuuid=2.38.1=h0b41bf4_0
  - libxcrypt=4.4.36=hd590300_1
  - libzlib=1.2.13=hd590300_5
  - ncurses=6.4.20240210=h59595ed_0
  - numpy=1.24.4=py38h59b608b_0
  - openssl=3.2.1=hd590300_1
  - pandas=2.0.3=py38h01efb38_1
  - pip=24.0=pyhd8ed1ab_0
  - pysam=0.22.0=py38h15b938a_1
  - python=3.8.19=hd12c33a_0_cpython
  - python-dateutil=2.9.0=pyhd8ed1ab_0
  - python-tzdata=2024.1=pyhd8ed1ab_0
  - python_abi=3.8=4_cp38
  - pytz=2024.1=pyhd8ed1ab_0
  - readline=8.2=h8228510_1
  - setuptools=69.5.1=pyhd8ed1ab_0
  - six=1.16.0=pyh6c4a22f_0
  - star=2.5.2b=0
  - tk=8.6.13=noxft_h4845f30_101
  - tzdata=2024a=h0c530f3_0
  - wheel=0.43.0=pyhd8ed1ab_1
  - xz=5.2.6=h166bdaf_0
  - zstd=1.5.5=hfc55251_0
prefix: /home/zkyang/miniconda3/envs/star
